#           k/h    P           
    0.10000E-03    0.27584E+03
    0.10202E-03    0.28123E+03
    0.10408E-03    0.28672E+03
    0.10618E-03    0.29233E+03
    0.10833E-03    0.29804E+03
    0.11052E-03    0.30386E+03
    0.11275E-03    0.30980E+03
    0.11503E-03    0.31586E+03
    0.11735E-03    0.32203E+03
    0.11972E-03    0.32832E+03
    0.12214E-03    0.33473E+03
    0.12461E-03    0.34127E+03
    0.12712E-03    0.34794E+03
    0.12969E-03    0.35474E+03
    0.13231E-03    0.36167E+03
    0.13499E-03    0.36874E+03
    0.13771E-03    0.37594E+03
    0.14049E-03    0.38328E+03
    0.14333E-03    0.39077E+03
    0.14623E-03    0.39840E+03
    0.14918E-03    0.40618E+03
    0.15220E-03    0.41412E+03
    0.15527E-03    0.42220E+03
    0.15841E-03    0.43045E+03
    0.16161E-03    0.43885E+03
    0.16487E-03    0.44742E+03
    0.16820E-03    0.45616E+03
    0.17160E-03    0.46507E+03
    0.17507E-03    0.47415E+03
    0.17860E-03    0.48340E+03
    0.18221E-03    0.49284E+03
    0.18589E-03    0.50246E+03
    0.18965E-03    0.51227E+03
    0.19348E-03    0.52226E+03
    0.19739E-03    0.53246E+03
    0.20138E-03    0.54285E+03
    0.20544E-03    0.55344E+03
    0.20959E-03    0.56424E+03
    0.21383E-03    0.57525E+03
    0.21815E-03    0.58647E+03
    0.22255E-03    0.59791E+03
    0.22705E-03    0.60957E+03
    0.23164E-03    0.62146E+03
    0.23632E-03    0.63357E+03
    0.24109E-03    0.64593E+03
    0.24596E-03    0.65852E+03
    0.25093E-03    0.67136E+03
    0.25600E-03    0.68444E+03
    0.26117E-03    0.69778E+03
    0.26645E-03    0.71138E+03
    0.27183E-03    0.72523E+03
    0.27732E-03    0.73936E+03
    0.28292E-03    0.75376E+03
    0.28864E-03    0.76844E+03
    0.29447E-03    0.78340E+03
    0.30042E-03    0.79865E+03
    0.30649E-03    0.81420E+03
    0.31268E-03    0.83004E+03
    0.31899E-03    0.84620E+03
    0.32544E-03    0.86266E+03
    0.33201E-03    0.87943E+03
    0.33872E-03    0.89654E+03
    0.34556E-03    0.91396E+03
    0.35254E-03    0.93173E+03
    0.35966E-03    0.94983E+03
    0.36693E-03    0.96829E+03
    0.37434E-03    0.98709E+03
    0.38190E-03    0.10063E+04
    0.38962E-03    0.10258E+04
    0.39749E-03    0.10457E+04
    0.40552E-03    0.10660E+04
    0.41371E-03    0.10867E+04
    0.42207E-03    0.11077E+04
    0.43060E-03    0.11292E+04
    0.43929E-03    0.11511E+04
    0.44817E-03    0.11734E+04
    0.45722E-03    0.11961E+04
    0.46646E-03    0.12192E+04
    0.47588E-03    0.12428E+04
    0.48550E-03    0.12669E+04
    0.49530E-03    0.12914E+04
    0.50531E-03    0.13163E+04
    0.51552E-03    0.13417E+04
    0.52593E-03    0.13676E+04
    0.53656E-03    0.13940E+04
    0.54739E-03    0.14209E+04
    0.55845E-03    0.14483E+04
    0.56973E-03    0.14762E+04
    0.58124E-03    0.15047E+04
    0.59299E-03    0.15336E+04
    0.60496E-03    0.15631E+04
    0.61719E-03    0.15932E+04
    0.62965E-03    0.16238E+04
    0.64237E-03    0.16549E+04
    0.65535E-03    0.16867E+04
    0.66859E-03    0.17190E+04
    0.68210E-03    0.17520E+04
    0.69588E-03    0.17855E+04
    0.70993E-03    0.18197E+04
    0.72427E-03    0.18545E+04
    0.73891E-03    0.18899E+04
    0.75383E-03    0.19259E+04
    0.76906E-03    0.19627E+04
    0.78460E-03    0.20001E+04
    0.80045E-03    0.20381E+04
    0.81662E-03    0.20769E+04
    0.83311E-03    0.21164E+04
    0.84994E-03    0.21565E+04
    0.86711E-03    0.21974E+04
    0.88463E-03    0.22391E+04
    0.90250E-03    0.22814E+04
    0.92073E-03    0.23246E+04
    0.93933E-03    0.23684E+04
    0.95831E-03    0.24131E+04
    0.97767E-03    0.24586E+04
    0.99742E-03    0.25048E+04
    0.10176E-02    0.25519E+04
    0.10381E-02    0.25998E+04
    0.10591E-02    0.26485E+04
    0.10805E-02    0.26980E+04
    0.11023E-02    0.27485E+04
    0.11246E-02    0.27997E+04
    0.11473E-02    0.28519E+04
    0.11705E-02    0.29050E+04
    0.11941E-02    0.29589E+04
    0.12182E-02    0.30138E+04
    0.12429E-02    0.30696E+04
    0.12680E-02    0.31263E+04
    0.12936E-02    0.31840E+04
    0.13197E-02    0.32427E+04
    0.13464E-02    0.33023E+04
    0.13736E-02    0.33629E+04
    0.14013E-02    0.34245E+04
    0.14296E-02    0.34871E+04
    0.14585E-02    0.35507E+04
    0.14880E-02    0.36154E+04
    0.15180E-02    0.36811E+04
    0.15487E-02    0.37478E+04
    0.15800E-02    0.38156E+04
    0.16119E-02    0.38844E+04
    0.16445E-02    0.39544E+04
    0.16777E-02    0.40254E+04
    0.17116E-02    0.40975E+04
    0.17462E-02    0.41708E+04
    0.17814E-02    0.42451E+04
    0.18174E-02    0.43206E+04
    0.18541E-02    0.43972E+04
    0.18916E-02    0.44750E+04
    0.19298E-02    0.45539E+04
    0.19688E-02    0.46340E+04
    0.20086E-02    0.47152E+04
    0.20491E-02    0.47977E+04
    0.20905E-02    0.48813E+04
    0.21328E-02    0.49661E+04
    0.21758E-02    0.50520E+04
    0.22198E-02    0.51392E+04
    0.22646E-02    0.52276E+04
    0.23104E-02    0.53172E+04
    0.23571E-02    0.54080E+04
    0.24047E-02    0.55000E+04
    0.24533E-02    0.55933E+04
    0.25028E-02    0.56877E+04
    0.25534E-02    0.57834E+04
    0.26050E-02    0.58803E+04
    0.26576E-02    0.59784E+04
    0.27113E-02    0.60777E+04
    0.27660E-02    0.61783E+04
    0.28219E-02    0.62800E+04
    0.28789E-02    0.63830E+04
    0.29371E-02    0.64873E+04
    0.29964E-02    0.65927E+04
    0.30569E-02    0.66993E+04
    0.31187E-02    0.68072E+04
    0.31817E-02    0.69161E+04
    0.32460E-02    0.70262E+04
    0.33115E-02    0.71375E+04
    0.33784E-02    0.72499E+04
    0.34467E-02    0.73634E+04
    0.35163E-02    0.74780E+04
    0.35874E-02    0.75938E+04
    0.36598E-02    0.77107E+04
    0.37338E-02    0.78286E+04
    0.38092E-02    0.79475E+04
    0.38861E-02    0.80673E+04
    0.39646E-02    0.81881E+04
    0.40447E-02    0.83098E+04
    0.41264E-02    0.84326E+04
    0.42098E-02    0.85566E+04
    0.42948E-02    0.86818E+04
    0.43816E-02    0.88082E+04
    0.44701E-02    0.89353E+04
    0.45604E-02    0.90628E+04
    0.46525E-02    0.91900E+04
    0.47465E-02    0.93165E+04
    0.48424E-02    0.94420E+04
    0.49402E-02    0.95670E+04
    0.50400E-02    0.96923E+04
    0.51419E-02    0.98186E+04
    0.52457E-02    0.99464E+04
    0.53517E-02    0.10076E+05
    0.54598E-02    0.10208E+05
    0.55701E-02    0.10340E+05
    0.56826E-02    0.10473E+05
    0.57974E-02    0.10607E+05
    0.59145E-02    0.10739E+05
    0.60340E-02    0.10872E+05
    0.61559E-02    0.11004E+05
    0.62803E-02    0.11137E+05
    0.64072E-02    0.11269E+05
    0.65366E-02    0.11401E+05
    0.66686E-02    0.11532E+05
    0.68033E-02    0.11664E+05
    0.69408E-02    0.11795E+05
    0.70810E-02    0.11925E+05
    0.72240E-02    0.12055E+05
    0.73700E-02    0.12183E+05
    0.75189E-02    0.12311E+05
    0.76708E-02    0.12439E+05
    0.78257E-02    0.12565E+05
    0.79838E-02    0.12689E+05
    0.81451E-02    0.12813E+05
    0.83096E-02    0.12935E+05
    0.84775E-02    0.13056E+05
    0.86488E-02    0.13175E+05
    0.88235E-02    0.13292E+05
    0.90017E-02    0.13408E+05
    0.91836E-02    0.13521E+05
    0.93691E-02    0.13633E+05
    0.95583E-02    0.13742E+05
    0.97514E-02    0.13849E+05
    0.99484E-02    0.13953E+05
    0.10149E-01    0.14054E+05
    0.10354E-01    0.14153E+05
    0.10564E-01    0.14249E+05
    0.10777E-01    0.14342E+05
    0.10995E-01    0.14431E+05
    0.11217E-01    0.14517E+05
    0.11443E-01    0.14600E+05
    0.11675E-01    0.14678E+05
    0.11910E-01    0.14753E+05
    0.12151E-01    0.14824E+05
    0.12397E-01    0.14890E+05
    0.12647E-01    0.14953E+05
    0.12902E-01    0.15011E+05
    0.13163E-01    0.15065E+05
    0.13429E-01    0.15113E+05
    0.13700E-01    0.15156E+05
    0.13977E-01    0.15194E+05
    0.14259E-01    0.15225E+05
    0.14547E-01    0.15250E+05
    0.14841E-01    0.15271E+05
    0.15141E-01    0.15287E+05
    0.15447E-01    0.15299E+05
    0.15759E-01    0.15309E+05
    0.16077E-01    0.15315E+05
    0.16402E-01    0.15316E+05
    0.16734E-01    0.15311E+05
    0.17072E-01    0.15297E+05
    0.17416E-01    0.15274E+05
    0.17768E-01    0.15242E+05
    0.18127E-01    0.15201E+05
    0.18493E-01    0.15153E+05
    0.18867E-01    0.15099E+05
    0.19248E-01    0.15039E+05
    0.19637E-01    0.14972E+05
    0.20034E-01    0.14898E+05
    0.20438E-01    0.14816E+05
    0.20851E-01    0.14726E+05
    0.21272E-01    0.14625E+05
    0.21702E-01    0.14516E+05
    0.22141E-01    0.14399E+05
    0.22588E-01    0.14274E+05
    0.23044E-01    0.14144E+05
    0.23510E-01    0.14010E+05
    0.23985E-01    0.13870E+05
    0.24469E-01    0.13726E+05
    0.24964E-01    0.13578E+05
    0.25468E-01    0.13426E+05
    0.25982E-01    0.13270E+05
    0.26507E-01    0.13110E+05
    0.27043E-01    0.12944E+05
    0.27589E-01    0.12773E+05
    0.28146E-01    0.12596E+05
    0.28715E-01    0.12413E+05
    0.29295E-01    0.12224E+05
    0.29887E-01    0.12032E+05
    0.30490E-01    0.11838E+05
    0.31106E-01    0.11643E+05
    0.31735E-01    0.11447E+05
    0.32376E-01    0.11252E+05
    0.33030E-01    0.11056E+05
    0.33697E-01    0.10862E+05
    0.34378E-01    0.10668E+05
    0.35072E-01    0.10474E+05
    0.35781E-01    0.10282E+05
    0.36504E-01    0.10093E+05
    0.37241E-01    0.99057E+04
    0.37993E-01    0.97220E+04
    0.38761E-01    0.95421E+04
    0.39544E-01    0.93663E+04
    0.40343E-01    0.91946E+04
    0.41158E-01    0.90274E+04
    0.41989E-01    0.88647E+04
    0.42838E-01    0.87069E+04
    0.43703E-01    0.85543E+04
    0.44586E-01    0.84074E+04
    0.45486E-01    0.82667E+04
    0.46405E-01    0.81325E+04
    0.47343E-01    0.80047E+04
    0.48299E-01    0.78826E+04
    0.49275E-01    0.77656E+04
    0.50270E-01    0.76529E+04
    0.51286E-01    0.75441E+04
    0.52322E-01    0.74384E+04
    0.53379E-01    0.73356E+04
    0.54457E-01    0.72351E+04
    0.55557E-01    0.71364E+04
    0.56680E-01    0.70388E+04
    0.57825E-01    0.69417E+04
    0.58993E-01    0.68444E+04
    0.60184E-01    0.67460E+04
    0.61400E-01    0.66461E+04
    0.62641E-01    0.65437E+04
    0.63906E-01    0.64383E+04
    0.65197E-01    0.63287E+04
    0.66514E-01    0.62137E+04
    0.67858E-01    0.60923E+04
    0.69229E-01    0.59653E+04
    0.70627E-01    0.58339E+04
    0.72054E-01    0.56994E+04
    0.73510E-01    0.55612E+04
    0.74994E-01    0.54171E+04
    0.76509E-01    0.52659E+04
    0.78055E-01    0.51092E+04
    0.79632E-01    0.49500E+04
    0.81241E-01    0.47909E+04
    0.82882E-01    0.46329E+04
    0.84556E-01    0.44772E+04
    0.86264E-01    0.43248E+04
    0.88007E-01    0.41772E+04
    0.89785E-01    0.40357E+04
    0.91598E-01    0.39014E+04
    0.93449E-01    0.37754E+04
    0.95337E-01    0.36584E+04
    0.97263E-01    0.35511E+04
    0.99227E-01    0.34537E+04
    0.10123E+00    0.33662E+04
    0.10328E+00    0.32882E+04
    0.10536E+00    0.32190E+04
    0.10749E+00    0.31568E+04
    0.10966E+00    0.30997E+04
    0.11188E+00    0.30457E+04
    0.11414E+00    0.29932E+04
    0.11644E+00    0.29406E+04
    0.11880E+00    0.28861E+04
    0.12120E+00    0.28283E+04
    0.12365E+00    0.27659E+04
    0.12614E+00    0.26983E+04
    0.12869E+00    0.26253E+04
    0.13129E+00    0.25472E+04
    0.13394E+00    0.24647E+04
    0.13665E+00    0.23791E+04
    0.13941E+00    0.22921E+04
    0.14223E+00    0.22052E+04
    0.14510E+00    0.21205E+04
    0.14803E+00    0.20400E+04
    0.15102E+00    0.19653E+04
    0.15407E+00    0.18979E+04
    0.15718E+00    0.18385E+04
    0.16036E+00    0.17870E+04
    0.16360E+00    0.17425E+04
    0.16690E+00    0.17034E+04
    0.17028E+00    0.16680E+04
    0.17371E+00    0.16345E+04
    0.17722E+00    0.16012E+04
    0.18080E+00    0.15663E+04
    0.18446E+00    0.15286E+04
    0.18818E+00    0.14871E+04
    0.19198E+00    0.14420E+04
    0.19586E+00    0.13942E+04
    0.19982E+00    0.13453E+04
    0.20386E+00    0.12969E+04
    0.20797E+00    0.12506E+04
    0.21218E+00    0.12077E+04
    0.21646E+00    0.11691E+04
    0.22083E+00    0.11352E+04
    0.22530E+00    0.11055E+04
    0.22985E+00    0.10791E+04
    0.23449E+00    0.10545E+04
    0.23923E+00    0.10302E+04
    0.24406E+00    0.10051E+04
    0.24899E+00    0.97834E+03
    0.25402E+00    0.94989E+03
    0.25915E+00    0.92047E+03
    0.26439E+00    0.89110E+03
    0.26973E+00    0.86279E+03
    0.27518E+00    0.83635E+03
    0.28074E+00    0.81231E+03
    0.28641E+00    0.79071E+03
    0.29219E+00    0.77098E+03
    0.29810E+00    0.75225E+03
    0.30412E+00    0.73369E+03
    0.31026E+00    0.71475E+03
    0.31653E+00    0.69530E+03
    0.32292E+00    0.67565E+03
    0.32945E+00    0.65636E+03
    0.33610E+00    0.63801E+03
    0.34289E+00    0.62087E+03
    0.34982E+00    0.60494E+03
    0.35689E+00    0.58995E+03
    0.36409E+00    0.57549E+03
    0.37145E+00    0.56117E+03
    0.37895E+00    0.54685E+03
    0.38661E+00    0.53264E+03
    0.39442E+00    0.51882E+03
    0.40239E+00    0.50561E+03
    0.41052E+00    0.49307E+03
    0.41881E+00    0.48112E+03
    0.42727E+00    0.46959E+03
    0.43590E+00    0.45830E+03
    0.44471E+00    0.44719E+03
    0.45369E+00    0.43632E+03
    0.46286E+00    0.42582E+03
    0.47221E+00    0.41572E+03
    0.48174E+00    0.40600E+03
    0.49148E+00    0.39659E+03
    0.50141E+00    0.38742E+03
    0.51153E+00    0.37845E+03
    0.52187E+00    0.36974E+03
    0.53241E+00    0.36130E+03
    0.54317E+00    0.35313E+03
    0.55414E+00    0.34520E+03
    0.56533E+00    0.33748E+03
    0.57675E+00    0.32996E+03
    0.58840E+00    0.32264E+03
    0.60029E+00    0.31554E+03
    0.61242E+00    0.30862E+03
    0.62479E+00    0.30189E+03
    0.63741E+00    0.29533E+03
    0.65029E+00    0.28894E+03
    0.66342E+00    0.28272E+03
    0.67683E+00    0.27665E+03
    0.69050E+00    0.27074E+03
    0.70445E+00    0.26497E+03
    0.71868E+00    0.25934E+03
    0.73320E+00    0.25385E+03
    0.74801E+00    0.24848E+03
    0.76312E+00    0.24324E+03
    0.77854E+00    0.23812E+03
    0.79426E+00    0.23311E+03
    0.81031E+00    0.22821E+03
    0.82668E+00    0.22342E+03
    0.84338E+00    0.21873E+03
    0.86041E+00    0.21414E+03
    0.87780E+00    0.20965E+03
    0.89553E+00    0.20524E+03
    0.91362E+00    0.20093E+03
    0.93208E+00    0.19670E+03
    0.95091E+00    0.19255E+03
    0.97011E+00    0.18848E+03
    0.98971E+00    0.18450E+03
    0.10097E+01    0.18058E+03
    0.10301E+01    0.17674E+03
    0.10509E+01    0.17298E+03
    0.10721E+01    0.16928E+03
    0.10938E+01    0.16565E+03
    0.11159E+01    0.16209E+03
    0.11384E+01    0.15859E+03
    0.11614E+01    0.15515E+03
    0.11849E+01    0.15178E+03
    0.12088E+01    0.14846E+03
    0.12333E+01    0.14521E+03
    0.12582E+01    0.14201E+03
    0.12836E+01    0.13886E+03
    0.13095E+01    0.13578E+03
    0.13360E+01    0.13274E+03
    0.13630E+01    0.12975E+03
    0.13905E+01    0.12682E+03
    0.14186E+01    0.12393E+03
    0.14472E+01    0.12108E+03
    0.14765E+01    0.11829E+03
    0.15063E+01    0.11553E+03
    0.15367E+01    0.11282E+03
    0.15678E+01    0.11015E+03
    0.15994E+01    0.10751E+03
    0.16318E+01    0.10492E+03
    0.16647E+01    0.10237E+03
    0.16984E+01    0.99855E+02
    0.17327E+01    0.97377E+02
    0.17677E+01    0.94935E+02
    0.18034E+01    0.92530E+02
    0.18398E+01    0.90162E+02
    0.18770E+01    0.87834E+02
    0.19149E+01    0.85547E+02
    0.19536E+01    0.83302E+02
    0.19930E+01    0.81100E+02
    0.20333E+01    0.78942E+02
    0.20744E+01    0.76830E+02
    0.21163E+01    0.74764E+02
    0.21590E+01    0.72744E+02
    0.22026E+01    0.70771E+02
    0.22471E+01    0.68845E+02
    0.22925E+01    0.66966E+02
    0.23388E+01    0.65134E+02
    0.23861E+01    0.63350E+02
    0.24343E+01    0.61613E+02
